1746640916664 2.109796128496436 0
1746640946401 2.0802363917213187 1
1746640975896 2.0273694824496267 2
1746641003611 2.01122910526619 3
1746641033098 2.018976641054071 4
1746641060881 1.9643453681513061 5
1746641088669 1.977066548332186 6
1746641116782 1.9553986768687257 7
1746641144739 1.9564130362100283 8
1746641172633 1.9555193681164236 9
1746641200612 1.9153207175975664 10
1746641228494 1.857779005158844 11
1746641256366 1.8783718149112274 12
1746641284212 1.8245263894888974 13
1746641312078 1.7895231047041171 14
