1746640916666 0.16769421100616455 0
1746640946403 0.149198517203331 1
1746640975900 0.16029593348503113 2
1746641003614 0.16769421100616455 3
1746641033101 0.1516646146774292 4
1746641060884 0.16276201605796814 5
1746641088671 0.16276201605796814 6
1746641116784 0.16399507224559784 7
1746641144742 0.17016029357910156 8
1746641172635 0.1837237924337387 9
1746641200615 0.19605425000190735 10
1746641228497 0.23181258141994476 11
1746641256370 0.208384707570076 12
1746641284215 0.25400739908218384 13
1746641312082 0.28606659173965454 14
