1746640168862 0.16769421100616455 0
1746640198288 0.149198517203331 1
1746640227306 0.16029593348503113 2
1746640254825 0.16769421100616455 3
1746640284432 0.1516646146774292 4
1746640312671 0.16276201605796814 5
1746640340264 0.16276201605796814 6
1746640367811 0.16399507224559784 7
1746640395353 0.17016029357910156 8
1746640422878 0.1837237924337387 9
1746640450512 0.19605425000190735 10
1746640478057 0.23181258141994476 11
1746640505605 0.208384707570076 12
1746640533228 0.25400739908218384 13
1746640560785 0.28606659173965454 14
