1746640168861 2.109796128496436 0
1746640198286 2.0802363917213187 1
1746640227303 2.0273694824496267 2
1746640254819 2.01122910526619 3
1746640284428 2.018976641054071 4
1746640312667 1.9643453681513061 5
1746640340262 1.977066548332186 6
1746640367808 1.9553986768687257 7
1746640395350 1.9564130362100283 8
1746640422876 1.9555193681164236 9
1746640450508 1.9153207175975664 10
1746640478054 1.857779005158844 11
1746640505603 1.8783718149112274 12
1746640533224 1.8245263894888974 13
1746640560781 1.7895231047041171 14
